0 0.000000000000000e+00 0.000000000000000e+00
1 2.181000000000000e-03 0.000000000000000e+00
2 5.242000000000000e-03 0.000000000000000e+00
3 1.027000000000000e-02 0.000000000000000e+00
4 1.809800000000000e-02 0.000000000000000e+00
5 2.912900000000000e-02 0.000000000000000e+00
6 4.337800000000000e-02 0.000000000000000e+00
7 6.060700000000000e-02 0.000000000000000e+00
8 8.046300000000001e-02 0.000000000000000e+00
9 1.025690000000000e-01 0.000000000000000e+00
10 1.265790000000000e-01 0.000000000000000e+00
11 1.521990000000000e-01 0.000000000000000e+00
12 1.791840000000000e-01 0.000000000000000e+00
13 2.073420000000000e-01 0.000000000000000e+00
14 2.365180000000000e-01 0.000000000000000e+00
15 2.665910000000000e-01 0.000000000000000e+00
16 2.974660000000000e-01 0.000000000000000e+00
17 3.290660000000000e-01 0.000000000000000e+00
18 3.613320000000000e-01 0.000000000000000e+00
19 3.942140000000000e-01 0.000000000000000e+00
20 4.276730000000000e-01 0.000000000000000e+00
21 4.616750000000000e-01 0.000000000000000e+00
22 4.961940000000000e-01 0.000000000000000e+00
23 5.312050000000000e-01 0.000000000000000e+00
24 5.666890000000000e-01 0.000000000000000e+00
25 6.026290000000000e-01 0.000000000000000e+00
26 6.390100000000000e-01 0.000000000000000e+00
27 6.758180000000000e-01 0.000000000000000e+00
28 7.130420000000000e-01 0.000000000000000e+00
29 7.506699999999999e-01 0.000000000000000e+00
30 7.886930000000000e-01 0.000000000000000e+00
31 8.271020000000000e-01 0.000000000000000e+00
32 8.658890000000000e-01 0.000000000000000e+00
33 9.050450000000000e-01 0.000000000000000e+00
34 9.445650000000000e-01 0.000000000000000e+00
35 9.844400000000000e-01 0.000000000000000e+00
36 1.024665000000000e+00 0.000000000000000e+00
37 1.065234000000000e+00 0.000000000000000e+00
38 1.106140000000000e+00 0.000000000000000e+00
39 1.147379000000000e+00 0.000000000000000e+00
40 1.188946000000000e+00 0.000000000000000e+00
41 1.230835000000000e+00 0.000000000000000e+00
42 1.273041000000000e+00 0.000000000000000e+00
43 1.315561000000000e+00 0.000000000000000e+00
44 1.358389000000000e+00 0.000000000000000e+00
45 1.401522000000000e+00 0.000000000000000e+00
46 1.444956000000000e+00 0.000000000000000e+00
47 1.488685000000000e+00 0.000000000000000e+00
48 1.532708000000000e+00 0.000000000000000e+00
49 1.577020000000000e+00 0.000000000000000e+00
50 1.621617000000000e+00 0.000000000000000e+00
51 1.666497000000000e+00 0.000000000000000e+00
52 1.711655000000000e+00 0.000000000000000e+00
53 1.757089000000000e+00 0.000000000000000e+00
54 1.802795000000000e+00 0.000000000000000e+00
55 1.848771000000000e+00 0.000000000000000e+00
56 1.895012000000000e+00 0.000000000000000e+00
57 1.941518000000000e+00 0.000000000000000e+00
58 1.988284000000000e+00 0.000000000000000e+00
59 2.035308000000000e+00 0.000000000000000e+00
60 2.082587000000000e+00 0.000000000000000e+00
61 2.130119000000000e+00 0.000000000000000e+00
62 2.177900000000000e+00 0.000000000000000e+00
63 2.225930000000000e+00 0.000000000000000e+00
64 2.274205000000000e+00 0.000000000000000e+00
65 2.322722000000000e+00 0.000000000000000e+00
66 2.371480000000000e+00 0.000000000000000e+00
67 2.420477000000000e+00 0.000000000000000e+00
68 2.469709000000000e+00 0.000000000000000e+00
69 2.519175000000000e+00 0.000000000000000e+00
70 2.568873000000000e+00 0.000000000000000e+00
71 2.618801000000000e+00 0.000000000000000e+00
72 2.668957000000000e+00 0.000000000000000e+00
73 2.719338000000000e+00 0.000000000000000e+00
74 2.769944000000000e+00 0.000000000000000e+00
75 2.820771000000000e+00 0.000000000000000e+00
76 2.871818000000000e+00 0.000000000000000e+00
77 2.923083000000000e+00 0.000000000000000e+00
78 2.974565000000000e+00 0.000000000000000e+00
79 3.026262000000000e+00 0.000000000000000e+00
80 3.078172000000000e+00 0.000000000000000e+00
81 3.130293000000000e+00 0.000000000000000e+00
82 3.182624000000000e+00 0.000000000000000e+00
83 3.235163000000000e+00 0.000000000000000e+00
84 3.287908000000000e+00 0.000000000000000e+00
85 3.340858000000000e+00 0.000000000000000e+00
86 3.394012000000000e+00 0.000000000000000e+00
87 3.447368000000000e+00 0.000000000000000e+00
88 3.500924000000000e+00 0.000000000000000e+00
89 3.554679000000000e+00 0.000000000000000e+00
90 3.608631000000000e+00 0.000000000000000e+00
91 3.662780000000000e+00 0.000000000000000e+00
92 3.717124000000000e+00 0.000000000000000e+00
93 3.771661000000000e+00 0.000000000000000e+00
94 3.826390000000000e+00 0.000000000000000e+00
95 3.881310000000000e+00 0.000000000000000e+00
96 3.936419000000000e+00 0.000000000000000e+00
97 3.991717000000000e+00 0.000000000000000e+00
98 4.047202000000000e+00 0.000000000000000e+00
99 4.102872000000000e+00 0.000000000000000e+00
100 4.158728000000000e+00 0.000000000000000e+00
101 4.214766000000000e+00 0.000000000000000e+00
102 4.270987000000000e+00 0.000000000000000e+00
103 4.327389000000000e+00 0.000000000000000e+00
104 4.383971000000000e+00 0.000000000000000e+00
105 4.440731000000000e+00 0.000000000000000e+00
106 4.497670000000000e+00 0.000000000000000e+00
107 4.554785000000000e+00 0.000000000000000e+00
108 4.612075000000000e+00 0.000000000000000e+00
109 4.669541000000000e+00 0.000000000000000e+00
110 4.727179000000000e+00 0.000000000000000e+00
111 4.784991000000000e+00 0.000000000000000e+00
112 4.842973000000000e+00 0.000000000000000e+00
113 4.901127000000000e+00 0.000000000000000e+00
114 4.959450000000000e+00 0.000000000000000e+00
115 5.017941000000000e+00 0.000000000000000e+00
116 5.076600000000000e+00 0.000000000000000e+00
117 5.135426000000000e+00 0.000000000000000e+00
118 5.194417000000000e+00 0.000000000000000e+00
119 5.253573000000000e+00 0.000000000000000e+00
120 5.312894000000000e+00 0.000000000000000e+00
121 5.372377000000000e+00 0.000000000000000e+00
122 5.432022000000000e+00 0.000000000000000e+00
123 5.491829000000000e+00 0.000000000000000e+00
124 5.551797000000000e+00 0.000000000000000e+00
125 5.611923000000000e+00 0.000000000000000e+00
126 5.672209000000000e+00 0.000000000000000e+00
127 5.732653000000000e+00 0.000000000000000e+00
128 5.793254000000000e+00 0.000000000000000e+00
129 5.854011000000000e+00 0.000000000000000e+00
130 5.914924000000000e+00 0.000000000000000e+00
131 5.975992000000000e+00 0.000000000000000e+00
132 6.037213000000000e+00 0.000000000000000e+00
133 6.098588000000000e+00 0.000000000000000e+00
134 6.160116000000000e+00 0.000000000000000e+00
135 6.221795000000000e+00 0.000000000000000e+00
136 6.283626000000000e+00 0.000000000000000e+00
137 6.345606000000000e+00 0.000000000000000e+00
138 6.407736000000000e+00 0.000000000000000e+00
139 6.470016000000000e+00 0.000000000000000e+00
140 6.532443000000000e+00 0.000000000000000e+00
141 6.595018000000000e+00 0.000000000000000e+00
142 6.657740000000000e+00 0.000000000000000e+00
143 6.720607000000000e+00 0.000000000000000e+00
144 6.783621000000000e+00 0.000000000000000e+00
145 6.846779000000000e+00 0.000000000000000e+00
146 6.910081000000000e+00 0.000000000000000e+00
147 6.973527000000000e+00 0.000000000000000e+00
148 7.037116000000000e+00 0.000000000000000e+00
149 7.100847000000000e+00 0.000000000000000e+00
150 7.164719000000000e+00 0.000000000000000e+00
151 7.228733000000000e+00 0.000000000000000e+00
152 7.292887000000000e+00 0.000000000000000e+00
153 7.357181000000000e+00 0.000000000000000e+00
154 7.421614000000000e+00 0.000000000000000e+00
155 7.486185000000000e+00 0.000000000000000e+00
156 7.550895000000000e+00 0.000000000000000e+00
157 7.615742000000000e+00 0.000000000000000e+00
158 7.680726000000000e+00 0.000000000000000e+00
159 7.745846000000000e+00 0.000000000000000e+00
160 7.811102000000000e+00 0.000000000000000e+00
161 7.876493000000000e+00 0.000000000000000e+00
162 7.942018000000000e+00 0.000000000000000e+00
163 8.007678000000000e+00 0.000000000000000e+00
164 8.073471000000000e+00 0.000000000000000e+00
165 8.139398000000000e+00 0.000000000000000e+00
166 8.205456000000000e+00 0.000000000000000e+00
167 8.271647000000000e+00 0.000000000000000e+00
168 8.337968999999999e+00 0.000000000000000e+00
169 8.404422000000000e+00 0.000000000000000e+00
170 8.471005999999999e+00 0.000000000000000e+00
171 8.537718999999999e+00 0.000000000000000e+00
172 8.604562000000000e+00 0.000000000000000e+00
173 8.671533000000000e+00 0.000000000000000e+00
174 8.738633000000000e+00 0.000000000000000e+00
175 8.805861000000000e+00 0.000000000000000e+00
176 8.873215999999999e+00 0.000000000000000e+00
177 8.940699000000000e+00 0.000000000000000e+00
178 9.008308000000000e+00 0.000000000000000e+00
179 9.076041999999999e+00 0.000000000000000e+00
180 9.143903000000000e+00 0.000000000000000e+00
181 9.211888000000000e+00 0.000000000000000e+00
182 9.279999000000000e+00 0.000000000000000e+00
183 9.348233000000000e+00 0.000000000000000e+00
184 9.416591000000000e+00 0.000000000000000e+00
185 9.485072000000001e+00 0.000000000000000e+00
186 9.553677000000000e+00 0.000000000000000e+00
187 9.622403000000000e+00 0.000000000000000e+00
188 9.691252000000000e+00 0.000000000000000e+00
189 9.760223000000000e+00 0.000000000000000e+00
190 9.829314000000000e+00 0.000000000000000e+00
191 9.898526000000000e+00 0.000000000000000e+00
192 9.967859000000001e+00 0.000000000000000e+00
193 1.003731100000000e+01 0.000000000000000e+00
194 1.010688300000000e+01 0.000000000000000e+00
195 1.017657400000000e+01 0.000000000000000e+00
196 1.024638400000000e+01 0.000000000000000e+00
197 1.031631200000000e+01 0.000000000000000e+00
198 1.038635700000000e+01 0.000000000000000e+00
199 1.045652100000000e+01 0.000000000000000e+00
200 1.052680100000000e+01 0.000000000000000e+00
201 1.059719800000000e+01 0.000000000000000e+00
202 1.066771200000000e+01 0.000000000000000e+00
203 1.073834100000000e+01 0.000000000000000e+00
204 1.080908600000000e+01 0.000000000000000e+00
205 1.087994600000000e+01 0.000000000000000e+00
206 1.095092100000000e+01 0.000000000000000e+00
207 1.102201100000000e+01 0.000000000000000e+00
208 1.109321400000000e+01 0.000000000000000e+00
209 1.116453200000000e+01 0.000000000000000e+00
210 1.123596200000000e+01 0.000000000000000e+00
211 1.130750600000000e+01 0.000000000000000e+00
212 1.137916200000000e+01 0.000000000000000e+00
213 1.145093100000000e+01 0.000000000000000e+00
214 1.152281200000000e+01 0.000000000000000e+00
215 1.159480400000000e+01 0.000000000000000e+00
216 1.166690800000000e+01 0.000000000000000e+00
217 1.173912200000000e+01 0.000000000000000e+00
218 1.181144700000000e+01 0.000000000000000e+00
219 1.188388200000000e+01 0.000000000000000e+00
220 1.195642800000000e+01 0.000000000000000e+00
221 1.202908300000000e+01 0.000000000000000e+00
222 1.210184700000000e+01 0.000000000000000e+00
223 1.217472000000000e+01 0.000000000000000e+00
224 1.224770100000000e+01 0.000000000000000e+00
225 1.232079100000000e+01 0.000000000000000e+00
226 1.239398900000000e+01 0.000000000000000e+00
227 1.246729500000000e+01 0.000000000000000e+00
228 1.254070800000000e+01 0.000000000000000e+00
229 1.261422800000000e+01 0.000000000000000e+00
230 1.268785500000000e+01 0.000000000000000e+00
231 1.276158800000000e+01 0.000000000000000e+00
232 1.283542700000000e+01 0.000000000000000e+00
233 1.290937300000000e+01 0.000000000000000e+00
234 1.298342300000000e+01 0.000000000000000e+00
235 1.305757900000000e+01 0.000000000000000e+00
236 1.313184000000000e+01 0.000000000000000e+00
237 1.320620500000000e+01 0.000000000000000e+00
238 1.328067500000000e+01 0.000000000000000e+00
239 1.335524900000000e+01 0.000000000000000e+00
240 1.342992600000000e+01 0.000000000000000e+00
241 1.350470800000000e+01 0.000000000000000e+00
242 1.357959200000000e+01 0.000000000000000e+00
243 1.365457900000000e+01 0.000000000000000e+00
244 1.372966900000000e+01 0.000000000000000e+00
245 1.380486100000000e+01 0.000000000000000e+00
246 1.388015500000000e+01 0.000000000000000e+00
247 1.395555100000000e+01 0.000000000000000e+00
248 1.403104800000000e+01 0.000000000000000e+00
249 1.410664700000000e+01 0.000000000000000e+00
250 1.418234700000000e+01 0.000000000000000e+00
251 1.425814700000000e+01 0.000000000000000e+00
252 1.433404800000000e+01 0.000000000000000e+00
253 1.441004900000000e+01 0.000000000000000e+00
254 1.448615000000000e+01 0.000000000000000e+00
255 1.456235100000000e+01 0.000000000000000e+00
256 1.463865100000000e+01 0.000000000000000e+00
257 1.471505000000000e+01 0.000000000000000e+00
258 1.479154800000000e+01 0.000000000000000e+00
259 1.486814500000000e+01 0.000000000000000e+00
260 1.494484000000000e+01 0.000000000000000e+00
261 1.502163300000000e+01 0.000000000000000e+00
262 1.509852400000000e+01 0.000000000000000e+00
263 1.517551300000000e+01 0.000000000000000e+00
264 1.525259900000000e+01 0.000000000000000e+00
265 1.532978200000000e+01 0.000000000000000e+00
266 1.540706200000000e+01 0.000000000000000e+00
267 1.548443900000000e+01 0.000000000000000e+00
268 1.556191200000000e+01 0.000000000000000e+00
269 1.563948200000000e+01 0.000000000000000e+00
270 1.571714700000000e+01 0.000000000000000e+00
271 1.579490800000000e+01 0.000000000000000e+00
272 1.587276500000000e+01 0.000000000000000e+00
273 1.595071700000000e+01 0.000000000000000e+00
274 1.602876300000000e+01 0.000000000000000e+00
275 1.610690500000000e+01 0.000000000000000e+00
276 1.618514100000000e+01 0.000000000000000e+00
277 1.626347100000000e+01 0.000000000000000e+00
278 1.634189600000000e+01 0.000000000000000e+00
279 1.642041400000000e+01 0.000000000000000e+00
280 1.649902600000000e+01 0.000000000000000e+00
281 1.657773200000000e+01 0.000000000000000e+00
282 1.665653100000000e+01 0.000000000000000e+00
283 1.673542200000000e+01 0.000000000000000e+00
284 1.681440700000000e+01 0.000000000000000e+00
285 1.689348400000000e+01 0.000000000000000e+00
286 1.697265300000000e+01 0.000000000000000e+00
287 1.705191500000000e+01 0.000000000000000e+00
288 1.713126800000000e+01 0.000000000000000e+00
289 1.721071300000000e+01 0.000000000000000e+00
290 1.729025000000000e+01 0.000000000000000e+00
291 1.736987800000000e+01 0.000000000000000e+00
292 1.744959700000000e+01 0.000000000000000e+00
293 1.752940600000000e+01 0.000000000000000e+00
294 1.760930700000000e+01 0.000000000000000e+00
295 1.768929800000000e+01 0.000000000000000e+00
296 1.776937900000000e+01 0.000000000000000e+00
297 1.784955000000000e+01 0.000000000000000e+00
298 1.792981100000000e+01 0.000000000000000e+00
299 1.801016200000000e+01 0.000000000000000e+00
300 1.809060200000000e+01 0.000000000000000e+00
301 1.817113100000000e+01 0.000000000000000e+00
302 1.825175000000000e+01 0.000000000000000e+00
303 1.833245700000000e+01 0.000000000000000e+00
304 1.841325300000000e+01 0.000000000000000e+00
305 1.849413700000000e+01 0.000000000000000e+00
306 1.857511000000000e+01 0.000000000000000e+00
307 1.865617100000000e+01 0.000000000000000e+00
308 1.873732000000000e+01 0.000000000000000e+00
309 1.881855600000000e+01 0.000000000000000e+00
310 1.889988000000000e+01 0.000000000000000e+00
311 1.898129100000000e+01 0.000000000000000e+00
312 1.906279000000000e+01 0.000000000000000e+00
313 1.914437500000000e+01 0.000000000000000e+00
314 1.922604700000000e+01 0.000000000000000e+00
315 1.930780600000000e+01 0.000000000000000e+00
316 1.938965100000000e+01 0.000000000000000e+00
317 1.947158200000000e+01 0.000000000000000e+00
318 1.955360000000000e+01 0.000000000000000e+00
319 1.963570300000000e+01 0.000000000000000e+00
320 1.971789200000000e+01 0.000000000000000e+00
321 1.980016600000000e+01 0.000000000000000e+00
322 1.988252600000000e+01 0.000000000000000e+00
323 1.996497100000000e+01 0.000000000000000e+00
324 2.004750100000000e+01 0.000000000000000e+00
325 2.013011500000000e+01 0.000000000000000e+00
326 2.021281500000000e+01 0.000000000000000e+00
327 2.029559900000000e+01 0.000000000000000e+00
328 2.037846700000000e+01 0.000000000000000e+00
329 2.046141900000000e+01 0.000000000000000e+00
330 2.054445500000000e+01 0.000000000000000e+00
331 2.062757500000000e+01 0.000000000000000e+00
332 2.071077900000000e+01 0.000000000000000e+00
333 2.079406600000000e+01 0.000000000000000e+00
334 2.087743600000000e+01 0.000000000000000e+00
335 2.096088900000000e+01 0.000000000000000e+00
336 2.104442500000000e+01 0.000000000000000e+00
337 2.112804500000000e+01 0.000000000000000e+00
338 2.121174600000000e+01 0.000000000000000e+00
339 2.129553000000000e+01 0.000000000000000e+00
340 2.137939700000000e+01 0.000000000000000e+00
341 2.146334600000000e+01 0.000000000000000e+00
342 2.154737600000000e+01 0.000000000000000e+00
343 2.163148900000000e+01 0.000000000000000e+00
344 2.171568300000000e+01 0.000000000000000e+00
345 2.179995800000000e+01 0.000000000000000e+00
346 2.188431500000000e+01 0.000000000000000e+00
347 2.196875300000000e+01 0.000000000000000e+00
348 2.205327200000000e+01 0.000000000000000e+00
349 2.213787200000000e+01 0.000000000000000e+00
350 2.222255300000000e+01 0.000000000000000e+00
351 2.230731400000000e+01 0.000000000000000e+00
352 2.239215600000000e+01 0.000000000000000e+00
353 2.247707800000000e+01 0.000000000000000e+00
354 2.256208000000000e+01 0.000000000000000e+00
355 2.264716200000000e+01 0.000000000000000e+00
356 2.273232400000000e+01 0.000000000000000e+00
357 2.281756500000000e+01 0.000000000000000e+00
358 2.290288600000000e+01 0.000000000000000e+00
359 2.298828700000000e+01 0.000000000000000e+00
360 2.307376600000000e+01 0.000000000000000e+00
361 2.315932500000000e+01 0.000000000000000e+00
362 2.324496300000000e+01 0.000000000000000e+00
363 2.333067900000000e+01 0.000000000000000e+00
364 2.341647400000000e+01 0.000000000000000e+00
365 2.350234800000000e+01 0.000000000000000e+00
366 2.358830000000000e+01 0.000000000000000e+00
367 2.367433000000000e+01 0.000000000000000e+00
368 2.376043800000000e+01 0.000000000000000e+00
369 2.384662400000000e+01 0.000000000000000e+00
370 2.393288800000000e+01 0.000000000000000e+00
371 2.401922900000000e+01 0.000000000000000e+00
372 2.410564800000000e+01 0.000000000000000e+00
373 2.419214500000000e+01 0.000000000000000e+00
374 2.427871800000000e+01 0.000000000000000e+00
375 2.436536900000000e+01 0.000000000000000e+00
376 2.445209700000000e+01 0.000000000000000e+00
377 2.453890100000000e+01 0.000000000000000e+00
378 2.462578300000000e+01 0.000000000000000e+00
379 2.471274000000000e+01 0.000000000000000e+00
380 2.479977500000000e+01 0.000000000000000e+00
381 2.488688500000000e+01 0.000000000000000e+00
382 2.497407200000000e+01 0.000000000000000e+00
383 2.506133400000000e+01 0.000000000000000e+00
384 2.514867300000000e+01 0.000000000000000e+00
385 2.523608700000000e+01 0.000000000000000e+00
386 2.532357700000000e+01 0.000000000000000e+00
387 2.541114200000000e+01 0.000000000000000e+00
388 2.549878300000000e+01 0.000000000000000e+00
389 2.558649900000000e+01 0.000000000000000e+00
390 2.567429000000000e+01 0.000000000000000e+00
391 2.576215600000000e+01 0.000000000000000e+00
392 2.585009700000000e+01 0.000000000000000e+00
393 2.593811300000000e+01 0.000000000000000e+00
394 2.602620300000000e+01 0.000000000000000e+00
395 2.611436800000000e+01 0.000000000000000e+00
396 2.620260700000000e+01 0.000000000000000e+00
397 2.629092000000000e+01 0.000000000000000e+00
398 2.637930700000000e+01 0.000000000000000e+00
399 2.646776900000000e+01 0.000000000000000e+00
400 2.655630400000000e+01 0.000000000000000e+00
401 2.664491300000000e+01 0.000000000000000e+00
402 2.673359500000000e+01 0.000000000000000e+00
403 2.682235100000000e+01 0.000000000000000e+00
404 2.691118100000000e+01 0.000000000000000e+00
405 2.700008300000000e+01 0.000000000000000e+00
406 2.708905900000000e+01 0.000000000000000e+00
407 2.717810800000000e+01 0.000000000000000e+00
408 2.726723000000000e+01 0.000000000000000e+00
409 2.735642400000000e+01 0.000000000000000e+00
410 2.744569100000000e+01 0.000000000000000e+00
411 2.753503100000000e+01 0.000000000000000e+00
412 2.762444200000000e+01 0.000000000000000e+00
413 2.771392700000000e+01 0.000000000000000e+00
414 2.780348300000000e+01 0.000000000000000e+00
415 2.789311200000000e+01 0.000000000000000e+00
416 2.798281200000000e+01 0.000000000000000e+00
417 2.807258400000000e+01 0.000000000000000e+00
418 2.816242800000000e+01 0.000000000000000e+00
419 2.825234400000000e+01 0.000000000000000e+00
420 2.834233100000000e+01 0.000000000000000e+00
421 2.843238900000000e+01 0.000000000000000e+00
422 2.852251900000000e+01 0.000000000000000e+00
423 2.861272000000000e+01 0.000000000000000e+00
424 2.870299200000000e+01 0.000000000000000e+00
425 2.879333500000000e+01 0.000000000000000e+00
426 2.888374800000000e+01 0.000000000000000e+00
427 2.897423300000000e+01 0.000000000000000e+00
428 2.906478700000000e+01 0.000000000000000e+00
429 2.915541300000000e+01 0.000000000000000e+00
430 2.924610900000000e+01 0.000000000000000e+00
431 2.933687500000000e+01 0.000000000000000e+00
432 2.942771100000000e+01 0.000000000000000e+00
433 2.951861700000000e+01 0.000000000000000e+00
434 2.960959300000000e+01 0.000000000000000e+00
435 2.970063900000000e+01 0.000000000000000e+00
436 2.979175500000000e+01 0.000000000000000e+00
437 2.988294000000000e+01 0.000000000000000e+00
438 2.997419500000000e+01 0.000000000000000e+00
439 3.006552000000000e+01 0.000000000000000e+00
440 3.015691300000000e+01 0.000000000000000e+00
441 3.024837600000000e+01 0.000000000000000e+00
442 3.033990800000000e+01 0.000000000000000e+00
443 3.043150900000000e+01 0.000000000000000e+00
444 3.052317900000000e+01 0.000000000000000e+00
445 3.061491700000000e+01 0.000000000000000e+00
446 3.070672400000000e+01 0.000000000000000e+00
447 3.079860000000000e+01 0.000000000000000e+00
448 3.089054400000000e+01 0.000000000000000e+00
449 3.098255700000000e+01 0.000000000000000e+00
450 3.107463800000000e+01 0.000000000000000e+00
451 3.116678700000000e+01 0.000000000000000e+00
452 3.125900400000000e+01 0.000000000000000e+00
453 3.135129000000000e+01 0.000000000000000e+00
454 3.144364300000000e+01 0.000000000000000e+00
455 3.153606300000000e+01 0.000000000000000e+00
456 3.162855200000000e+01 0.000000000000000e+00
457 3.172110800000000e+01 0.000000000000000e+00
458 3.181373100000000e+01 0.000000000000000e+00
459 3.190642200000000e+01 0.000000000000000e+00
460 3.199918000000000e+01 0.000000000000000e+00
461 3.209200600000000e+01 0.000000000000000e+00
462 3.218489800000000e+01 0.000000000000000e+00
463 3.227785800000000e+01 0.000000000000000e+00
464 3.237088400000000e+01 0.000000000000000e+00
465 3.246397700000000e+01 0.000000000000000e+00
466 3.255713700000000e+01 0.000000000000000e+00
467 3.265036300000000e+01 0.000000000000000e+00
468 3.274365600000000e+01 0.000000000000000e+00
469 3.283701600000000e+01 0.000000000000000e+00
470 3.293044100000000e+01 0.000000000000000e+00
471 3.302393300000000e+01 0.000000000000000e+00
472 3.311749100000000e+01 0.000000000000000e+00
473 3.321111500000000e+01 0.000000000000000e+00
474 3.330480500000000e+01 0.000000000000000e+00
475 3.339856100000000e+01 0.000000000000000e+00
476 3.349238300000000e+01 0.000000000000000e+00
477 3.358627000000000e+01 0.000000000000000e+00
478 3.368022300000000e+01 0.000000000000000e+00
479 3.377424200000000e+01 0.000000000000000e+00
480 3.386832500000000e+01 0.000000000000000e+00
481 3.396247500000000e+01 0.000000000000000e+00
482 3.405668900000000e+01 0.000000000000000e+00
483 3.415096800000000e+01 0.000000000000000e+00
484 3.424531300000000e+01 0.000000000000000e+00
485 3.433972200000000e+01 0.000000000000000e+00
486 3.443419600000000e+01 0.000000000000000e+00
487 3.452873600000000e+01 0.000000000000000e+00
488 3.462333900000000e+01 0.000000000000000e+00
489 3.471800800000000e+01 0.000000000000000e+00
490 3.481274000000000e+01 0.000000000000000e+00
491 3.490753800000000e+01 0.000000000000000e+00
492 3.500239900000000e+01 0.000000000000000e+00
493 3.509732500000000e+01 0.000000000000000e+00
494 3.519231500000000e+01 0.000000000000000e+00
495 3.528736900000000e+01 0.000000000000000e+00
496 3.538248700000000e+01 0.000000000000000e+00
497 3.547766900000000e+01 0.000000000000000e+00
498 3.557291500000000e+01 0.000000000000000e+00
499 3.566822400000000e+01 0.000000000000000e+00
500 3.576359700000000e+01 0.000000000000000e+00
501 3.585903400000000e+01 0.000000000000000e+00
502 3.595453400000000e+01 0.000000000000000e+00
503 3.605009800000000e+01 0.000000000000000e+00
504 3.614572500000000e+01 0.000000000000000e+00
505 3.624141500000000e+01 0.000000000000000e+00
506 3.633716800000000e+01 0.000000000000000e+00
507 3.643298400000000e+01 0.000000000000000e+00
508 3.652886300000000e+01 0.000000000000000e+00
509 3.662480500000000e+01 0.000000000000000e+00
510 3.672081000000000e+01 0.000000000000000e+00
511 3.681687800000000e+01 0.000000000000000e+00
512 3.691300800000000e+01 0.000000000000000e+00
513 3.700920100000000e+01 0.000000000000000e+00
514 3.710545700000000e+01 0.000000000000000e+00
515 3.720177400000000e+01 0.000000000000000e+00
516 3.729815400000000e+01 0.000000000000000e+00
517 3.739459700000000e+01 0.000000000000000e+00
518 3.749110100000000e+01 0.000000000000000e+00
519 3.758766800000000e+01 0.000000000000000e+00
520 3.768429600000000e+01 0.000000000000000e+00
521 3.778098700000000e+01 0.000000000000000e+00
522 3.787773900000000e+01 0.000000000000000e+00
523 3.797455300000000e+01 0.000000000000000e+00
524 3.807142900000000e+01 0.000000000000000e+00
525 3.816836600000000e+01 0.000000000000000e+00
526 3.826536500000000e+01 0.000000000000000e+00
527 3.836242500000000e+01 0.000000000000000e+00
528 3.845954700000000e+01 0.000000000000000e+00
529 3.855673000000000e+01 0.000000000000000e+00
530 3.865397400000000e+01 0.000000000000000e+00
531 3.875127900000000e+01 0.000000000000000e+00
532 3.884864600000000e+01 0.000000000000000e+00
533 3.894607300000000e+01 0.000000000000000e+00
534 3.904356100000000e+01 0.000000000000000e+00
535 3.914111000000000e+01 0.000000000000000e+00
536 3.923872000000000e+01 0.000000000000000e+00
537 3.933639100000000e+01 0.000000000000000e+00
538 3.943412200000000e+01 0.000000000000000e+00
539 3.953191400000000e+01 0.000000000000000e+00
540 3.962976600000000e+01 0.000000000000000e+00
541 3.972767800000000e+01 0.000000000000000e+00
542 3.982565100000000e+01 0.000000000000000e+00
543 3.992368400000000e+01 0.000000000000000e+00
544 4.002177800000000e+01 0.000000000000000e+00
545 4.011993100000000e+01 0.000000000000000e+00
546 4.021814400000000e+01 0.000000000000000e+00
547 4.031641800000000e+01 0.000000000000000e+00
548 4.041475100000000e+01 0.000000000000000e+00
549 4.051314400000000e+01 0.000000000000000e+00
550 4.061159600000000e+01 0.000000000000000e+00
551 4.071010900000000e+01 0.000000000000000e+00
552 4.080868100000000e+01 0.000000000000000e+00
553 4.090731200000000e+01 0.000000000000000e+00
554 4.100600300000000e+01 0.000000000000000e+00
555 4.110475300000000e+01 0.000000000000000e+00
556 4.120356300000000e+01 0.000000000000000e+00
557 4.130243100000000e+01 0.000000000000000e+00
558 4.140135900000000e+01 0.000000000000000e+00
559 4.150034600000000e+01 0.000000000000000e+00
560 4.159939200000000e+01 0.000000000000000e+00
561 4.169849700000000e+01 0.000000000000000e+00
562 4.179766100000000e+01 0.000000000000000e+00
563 4.189688300000000e+01 0.000000000000000e+00
564 4.199616500000000e+01 0.000000000000000e+00
565 4.209550500000000e+01 0.000000000000000e+00
566 4.219490300000000e+01 0.000000000000000e+00
567 4.229436000000000e+01 0.000000000000000e+00
568 4.239387600000000e+01 0.000000000000000e+00
569 4.249345000000000e+01 0.000000000000000e+00
570 4.259308200000000e+01 0.000000000000000e+00
571 4.269277300000000e+01 0.000000000000000e+00
572 4.279252100000000e+01 0.000000000000000e+00
573 4.289232800000000e+01 0.000000000000000e+00
574 4.299219300000000e+01 0.000000000000000e+00
575 4.309211600000000e+01 0.000000000000000e+00
576 4.319209600000000e+01 0.000000000000000e+00
577 4.329213500000000e+01 0.000000000000000e+00
578 4.339223100000000e+01 0.000000000000000e+00
579 4.349238500000000e+01 0.000000000000000e+00
580 4.359259700000000e+01 0.000000000000000e+00
581 4.369286600000000e+01 0.000000000000000e+00
582 4.379319300000000e+01 0.000000000000000e+00
583 4.389357700000000e+01 0.000000000000000e+00
584 4.399401900000000e+01 0.000000000000000e+00
585 4.409451800000000e+01 0.000000000000000e+00
586 4.419507400000000e+01 0.000000000000000e+00
587 4.429568700000000e+01 0.000000000000000e+00
588 4.439635800000000e+01 0.000000000000000e+00
589 4.449708500000000e+01 0.000000000000000e+00
590 4.459787000000000e+01 0.000000000000000e+00
591 4.469871100000000e+01 0.000000000000000e+00
592 4.479961000000000e+01 0.000000000000000e+00
593 4.490056500000000e+01 0.000000000000000e+00
594 4.500157700000000e+01 0.000000000000000e+00
595 4.510264500000000e+01 0.000000000000000e+00
596 4.520377000000000e+01 0.000000000000000e+00
597 4.530495200000000e+01 0.000000000000000e+00
598 4.540619000000000e+01 0.000000000000000e+00
599 4.550748500000000e+01 0.000000000000000e+00
600 4.560883600000000e+01 0.000000000000000e+00
601 4.571024300000000e+01 0.000000000000000e+00
602 4.581170600000000e+01 0.000000000000000e+00
603 4.591322600000000e+01 0.000000000000000e+00
604 4.601480200000000e+01 0.000000000000000e+00
605 4.611643300000000e+01 0.000000000000000e+00
606 4.621812100000000e+01 0.000000000000000e+00
607 4.631986500000000e+01 0.000000000000000e+00
608 4.642166400000000e+01 0.000000000000000e+00
609 4.652352000000000e+01 0.000000000000000e+00
610 4.662543100000000e+01 0.000000000000000e+00
611 4.672739800000000e+01 0.000000000000000e+00
612 4.682942000000000e+01 0.000000000000000e+00
613 4.693149800000000e+01 0.000000000000000e+00
614 4.703363100000000e+01 0.000000000000000e+00
615 4.713582000000000e+01 0.000000000000000e+00
616 4.723806400000000e+01 0.000000000000000e+00
617 4.734036400000000e+01 0.000000000000000e+00
618 4.744271900000000e+01 0.000000000000000e+00
619 4.754512900000000e+01 0.000000000000000e+00
620 4.764759400000000e+01 0.000000000000000e+00
621 4.775011400000000e+01 0.000000000000000e+00
622 4.785268900000000e+01 0.000000000000000e+00
623 4.795531900000000e+01 0.000000000000000e+00
624 4.805800500000000e+01 0.000000000000000e+00
625 4.816074500000000e+01 0.000000000000000e+00
626 4.826353900000000e+01 0.000000000000000e+00
627 4.836638900000000e+01 0.000000000000000e+00
628 4.846929300000000e+01 0.000000000000000e+00
629 4.857225100000000e+01 0.000000000000000e+00
630 4.867526500000000e+01 0.000000000000000e+00
631 4.877833300000000e+01 0.000000000000000e+00
632 4.888145500000000e+01 0.000000000000000e+00
633 4.898463100000000e+01 0.000000000000000e+00
634 4.908786200000000e+01 0.000000000000000e+00
635 4.919114700000000e+01 0.000000000000000e+00
636 4.929448700000000e+01 0.000000000000000e+00
637 4.939788000000000e+01 0.000000000000000e+00
638 4.950132800000000e+01 0.000000000000000e+00
639 4.960483000000000e+01 0.000000000000000e+00
640 4.970838500000000e+01 0.000000000000000e+00
641 4.981199500000000e+01 0.000000000000000e+00
642 4.991565800000000e+01 0.000000000000000e+00
643 5.001937500000000e+01 0.000000000000000e+00
644 5.012314600000000e+01 0.000000000000000e+00
645 5.022697100000000e+01 0.000000000000000e+00
646 5.033084900000000e+01 0.000000000000000e+00
647 5.043478100000000e+01 0.000000000000000e+00
648 5.053876700000000e+01 0.000000000000000e+00
649 5.064280600000000e+01 0.000000000000000e+00
650 5.074689800000000e+01 0.000000000000000e+00
651 5.085104400000000e+01 0.000000000000000e+00
652 5.095524300000000e+01 0.000000000000000e+00
653 5.105949500000000e+01 0.000000000000000e+00
654 5.116380100000000e+01 0.000000000000000e+00
655 5.126816000000000e+01 0.000000000000000e+00
656 5.137257100000000e+01 0.000000000000000e+00
657 5.147703600000000e+01 0.000000000000000e+00
658 5.158155400000000e+01 0.000000000000000e+00
659 5.168612500000000e+01 0.000000000000000e+00
660 5.179074900000000e+01 0.000000000000000e+00
661 5.189542500000000e+01 0.000000000000000e+00
662 5.200015400000000e+01 0.000000000000000e+00
663 5.210493600000000e+01 0.000000000000000e+00
664 5.220977100000000e+01 0.000000000000000e+00
665 5.231465800000000e+01 0.000000000000000e+00
666 5.241959800000000e+01 0.000000000000000e+00
667 5.252459000000000e+01 0.000000000000000e+00
668 5.262963500000000e+01 0.000000000000000e+00
669 5.273473300000000e+01 0.000000000000000e+00
670 5.283988200000000e+01 0.000000000000000e+00
671 5.294508400000000e+01 0.000000000000000e+00
672 5.305033800000000e+01 0.000000000000000e+00
673 5.315564400000000e+01 0.000000000000000e+00
674 5.326100300000000e+01 0.000000000000000e+00
675 5.336641400000000e+01 0.000000000000000e+00
676 5.347187600000000e+01 0.000000000000000e+00
677 5.357739100000000e+01 0.000000000000000e+00
678 5.368295700000000e+01 0.000000000000000e+00
679 5.378857600000000e+01 0.000000000000000e+00
680 5.389424600000000e+01 0.000000000000000e+00
681 5.399996800000000e+01 0.000000000000000e+00
682 5.410574200000000e+01 0.000000000000000e+00
683 5.421156800000000e+01 0.000000000000000e+00
684 5.431744500000000e+01 0.000000000000000e+00
685 5.442337400000000e+01 0.000000000000000e+00
686 5.452935400000000e+01 0.000000000000000e+00
687 5.463538600000000e+01 0.000000000000000e+00
688 5.474146900000000e+01 0.000000000000000e+00
689 5.484760400000000e+01 0.000000000000000e+00
690 5.495379000000000e+01 0.000000000000000e+00
691 5.506002700000000e+01 0.000000000000000e+00
692 5.516631500000000e+01 0.000000000000000e+00
693 5.527265500000000e+01 0.000000000000000e+00
694 5.537904600000000e+01 0.000000000000000e+00
695 5.548548800000000e+01 0.000000000000000e+00
696 5.559198100000000e+01 0.000000000000000e+00
697 5.569852500000000e+01 0.000000000000000e+00
698 5.580512000000000e+01 0.000000000000000e+00
699 5.591176600000000e+01 0.000000000000000e+00
700 5.601846200000000e+01 0.000000000000000e+00
701 5.612521000000000e+01 0.000000000000000e+00
702 5.623200800000000e+01 0.000000000000000e+00
703 5.633885700000000e+01 0.000000000000000e+00
704 5.644575600000000e+01 0.000000000000000e+00
705 5.655270700000000e+01 0.000000000000000e+00
706 5.665970700000000e+01 0.000000000000000e+00
707 5.676675900000000e+01 0.000000000000000e+00
708 5.687386000000000e+01 0.000000000000000e+00
709 5.698101200000000e+01 0.000000000000000e+00
710 5.708821500000000e+01 0.000000000000000e+00
711 5.719546800000000e+01 0.000000000000000e+00
712 5.730277100000000e+01 0.000000000000000e+00
713 5.741012400000000e+01 0.000000000000000e+00
714 5.751752800000000e+01 0.000000000000000e+00
715 5.762498100000000e+01 0.000000000000000e+00
716 5.773248500000000e+01 0.000000000000000e+00
717 5.784003900000000e+01 0.000000000000000e+00
718 5.794764300000000e+01 0.000000000000000e+00
719 5.805529600000000e+01 0.000000000000000e+00
720 5.816300000000000e+01 0.000000000000000e+00
721 5.827075400000000e+01 0.000000000000000e+00
722 5.837855700000000e+01 0.000000000000000e+00
723 5.848641000000000e+01 0.000000000000000e+00
724 5.859431300000000e+01 0.000000000000000e+00
725 5.870226500000000e+01 0.000000000000000e+00
726 5.881026700000000e+01 0.000000000000000e+00
727 5.891831900000000e+01 0.000000000000000e+00
728 5.902642000000000e+01 0.000000000000000e+00
729 5.913457100000000e+01 0.000000000000000e+00
730 5.924277100000000e+01 0.000000000000000e+00
731 5.935102100000000e+01 0.000000000000000e+00
732 5.945931900000000e+01 0.000000000000000e+00
733 5.956766800000000e+01 0.000000000000000e+00
734 5.967606500000000e+01 0.000000000000000e+00
735 5.978451200000000e+01 0.000000000000000e+00
736 5.989300800000000e+01 0.000000000000000e+00
737 6.000155300000000e+01 0.000000000000000e+00
738 6.011014700000000e+01 0.000000000000000e+00
739 6.021879000000000e+01 0.000000000000000e+00
740 6.032748200000000e+01 0.000000000000000e+00
741 6.043622300000000e+01 0.000000000000000e+00
742 6.054501300000000e+01 0.000000000000000e+00
743 6.065385200000000e+01 0.000000000000000e+00
744 6.076274000000000e+01 0.000000000000000e+00
745 6.087167600000000e+01 0.000000000000000e+00
746 6.098066100000000e+01 0.000000000000000e+00
747 6.108969500000000e+01 0.000000000000000e+00
748 6.119877800000000e+01 0.000000000000000e+00
749 6.130790900000000e+01 0.000000000000000e+00
750 6.141708900000000e+01 0.000000000000000e+00
751 6.152631700000000e+01 0.000000000000000e+00
752 6.163559400000000e+01 0.000000000000000e+00
753 6.174491900000000e+01 0.000000000000000e+00
754 6.185429200000000e+01 0.000000000000000e+00
755 6.196371400000000e+01 0.000000000000000e+00
756 6.207318500000000e+01 0.000000000000000e+00
757 6.218270300000000e+01 0.000000000000000e+00
758 6.229227000000000e+01 0.000000000000000e+00
759 6.240188500000000e+01 0.000000000000000e+00
760 6.251154700000000e+01 0.000000000000000e+00
761 6.262125900000000e+01 0.000000000000000e+00
762 6.273101800000000e+01 0.000000000000000e+00
763 6.284082500000000e+01 0.000000000000000e+00
764 6.295068000000000e+01 0.000000000000000e+00
765 6.306058300000000e+01 0.000000000000000e+00
766 6.317053400000000e+01 0.000000000000000e+00
767 6.328053300000000e+01 0.000000000000000e+00
768 6.339057900000000e+01 0.000000000000000e+00
769 6.350067400000000e+01 0.000000000000000e+00
770 6.361081600000000e+01 0.000000000000000e+00
771 6.372100500000000e+01 0.000000000000000e+00
772 6.383124300000000e+01 0.000000000000000e+00
773 6.394152800000000e+01 0.000000000000000e+00
774 6.405186000000000e+01 0.000000000000000e+00
775 6.416224000000000e+01 0.000000000000000e+00
776 6.427266800000000e+01 0.000000000000000e+00
777 6.438314200000001e+01 0.000000000000000e+00
778 6.449366499999999e+01 0.000000000000000e+00
779 6.460423400000001e+01 0.000000000000000e+00
780 6.471485100000000e+01 0.000000000000000e+00
781 6.482551599999999e+01 0.000000000000000e+00
782 6.493622700000000e+01 0.000000000000000e+00
783 6.504698600000000e+01 0.000000000000000e+00
784 6.515779100000000e+01 0.000000000000000e+00
785 6.526864399999999e+01 0.000000000000000e+00
786 6.537954400000000e+01 0.000000000000000e+00
787 6.549049100000001e+01 0.000000000000000e+00
788 6.560148500000000e+01 0.000000000000000e+00
789 6.571252600000000e+01 0.000000000000000e+00
790 6.582361400000001e+01 0.000000000000000e+00
791 6.593474900000000e+01 0.000000000000000e+00
792 6.604593000000000e+01 0.000000000000000e+00
793 6.615715899999999e+01 0.000000000000000e+00
794 6.626843400000000e+01 0.000000000000000e+00
795 6.637975500000000e+01 0.000000000000000e+00
796 6.649112400000000e+01 0.000000000000000e+00
797 6.660253899999999e+01 0.000000000000000e+00
798 6.671400100000000e+01 0.000000000000000e+00
799 6.682550900000000e+01 0.000000000000000e+00
800 6.693706400000001e+01 0.000000000000000e+00
801 6.704866500000000e+01 0.000000000000000e+00
802 6.716031200000000e+01 0.000000000000000e+00
803 6.727200700000000e+01 0.000000000000000e+00
804 6.738374700000000e+01 0.000000000000000e+00
805 6.749553400000001e+01 0.000000000000000e+00
806 6.760736700000000e+01 0.000000000000000e+00
807 6.771924600000000e+01 0.000000000000000e+00
808 6.783117200000000e+01 0.000000000000000e+00
809 6.794314300000001e+01 0.000000000000000e+00
810 6.805516100000000e+01 0.000000000000000e+00
811 6.816722500000000e+01 0.000000000000000e+00
812 6.827933500000000e+01 0.000000000000000e+00
813 6.839149100000000e+01 0.000000000000000e+00
814 6.850369300000000e+01 0.000000000000000e+00
815 6.861594100000001e+01 0.000000000000000e+00
816 6.872823400000000e+01 0.000000000000000e+00
817 6.884057400000000e+01 0.000000000000000e+00
818 6.895296000000000e+01 0.000000000000000e+00
819 6.906539100000001e+01 0.000000000000000e+00
820 6.917786800000000e+01 0.000000000000000e+00
821 6.929039100000000e+01 0.000000000000000e+00
822 6.940295900000000e+01 0.000000000000000e+00
823 6.951557300000000e+01 0.000000000000000e+00
824 6.962823299999999e+01 0.000000000000000e+00
825 6.974093800000000e+01 0.000000000000000e+00
826 6.985368900000000e+01 0.000000000000000e+00
827 6.996648500000001e+01 0.000000000000000e+00
828 7.007932700000001e+01 0.000000000000000e+00
829 7.019221400000001e+01 0.000000000000000e+00
830 7.030514700000001e+01 0.000000000000000e+00
831 7.041812500000000e+01 0.000000000000000e+00
832 7.053114800000000e+01 0.000000000000000e+00
833 7.064421600000000e+01 0.000000000000000e+00
834 7.075733000000000e+01 0.000000000000000e+00
835 7.087048900000001e+01 0.000000000000000e+00
836 7.098369300000000e+01 0.000000000000000e+00
837 7.109694300000000e+01 0.000000000000000e+00
838 7.121023700000001e+01 0.000000000000000e+00
839 7.132357600000000e+01 0.000000000000000e+00
840 7.143696100000000e+01 0.000000000000000e+00
841 7.155038999999999e+01 0.000000000000000e+00
842 7.166386500000000e+01 0.000000000000000e+00
843 7.177738400000000e+01 0.000000000000000e+00
844 7.189094799999999e+01 0.000000000000000e+00
845 7.200455700000001e+01 0.000000000000000e+00
846 7.211821100000000e+01 0.000000000000000e+00
847 7.223191000000000e+01 0.000000000000000e+00
848 7.234565300000000e+01 0.000000000000000e+00
849 7.245944100000000e+01 0.000000000000000e+00
850 7.257327400000000e+01 0.000000000000000e+00
851 7.268715200000000e+01 0.000000000000000e+00
852 7.280107400000000e+01 0.000000000000000e+00
853 7.291504000000000e+01 0.000000000000000e+00
854 7.302905100000000e+01 0.000000000000000e+00
855 7.314310700000000e+01 0.000000000000000e+00
856 7.325720699999999e+01 0.000000000000000e+00
857 7.337135200000000e+01 0.000000000000000e+00
858 7.348554000000000e+01 0.000000000000000e+00
859 7.359977400000000e+01 0.000000000000000e+00
860 7.371405100000000e+01 0.000000000000000e+00
861 7.382837300000000e+01 0.000000000000000e+00
862 7.394273900000000e+01 0.000000000000000e+00
863 7.405714999999999e+01 0.000000000000000e+00
864 7.417160400000000e+01 0.000000000000000e+00
865 7.428610300000000e+01 0.000000000000000e+00
866 7.440064599999999e+01 0.000000000000000e+00
867 7.451523299999999e+01 0.000000000000000e+00
868 7.462986400000000e+01 0.000000000000000e+00
869 7.474453900000000e+01 0.000000000000000e+00
870 7.485925800000000e+01 0.000000000000000e+00
871 7.497402000000000e+01 0.000000000000000e+00
872 7.508882699999999e+01 0.000000000000000e+00
873 7.520367800000000e+01 0.000000000000000e+00
874 7.531857300000000e+01 0.000000000000000e+00
875 7.543351100000000e+01 0.000000000000000e+00
876 7.554849299999999e+01 0.000000000000000e+00
877 7.566351899999999e+01 0.000000000000000e+00
878 7.577858900000000e+01 0.000000000000000e+00
879 7.589370200000000e+01 0.000000000000000e+00
880 7.600885900000000e+01 0.000000000000000e+00
881 7.612406000000000e+01 0.000000000000000e+00
882 7.623930400000000e+01 0.000000000000000e+00
883 7.635459200000000e+01 0.000000000000000e+00
884 7.646992299999999e+01 0.000000000000000e+00
885 7.658529799999999e+01 0.000000000000000e+00
886 7.670071600000000e+01 0.000000000000000e+00
887 7.681617700000000e+01 0.000000000000000e+00
888 7.693168200000000e+01 0.000000000000000e+00
889 7.704723100000000e+01 0.000000000000000e+00
890 7.716282200000001e+01 0.000000000000000e+00
891 7.727845700000000e+01 0.000000000000000e+00
892 7.739413600000000e+01 0.000000000000000e+00
893 7.750985700000000e+01 0.000000000000000e+00
894 7.762562200000001e+01 0.000000000000000e+00
895 7.774142900000000e+01 0.000000000000000e+00
896 7.785728000000000e+01 0.000000000000000e+00
897 7.797317400000000e+01 0.000000000000000e+00
898 7.808911200000000e+01 0.000000000000000e+00
899 7.820509199999999e+01 0.000000000000000e+00
900 7.832111500000001e+01 0.000000000000000e+00
901 7.843718100000000e+01 0.000000000000000e+00
902 7.855329000000000e+01 0.000000000000000e+00
903 7.866944200000000e+01 0.000000000000000e+00
904 7.878563699999999e+01 0.000000000000000e+00
905 7.890187400000001e+01 0.000000000000000e+00
906 7.901815499999999e+01 0.000000000000000e+00
907 7.913447800000000e+01 0.000000000000000e+00
908 7.925084400000000e+01 0.000000000000000e+00
909 7.936725300000001e+01 0.000000000000000e+00
910 7.948370400000000e+01 0.000000000000000e+00
911 7.960019800000001e+01 0.000000000000000e+00
912 7.971673500000000e+01 0.000000000000000e+00
913 7.983331400000000e+01 0.000000000000000e+00
914 7.994993599999999e+01 0.000000000000000e+00
915 8.006660100000001e+01 0.000000000000000e+00
916 8.018330700000000e+01 0.000000000000000e+00
917 8.030005700000000e+01 0.000000000000000e+00
918 8.041684900000000e+01 0.000000000000000e+00
919 8.053368300000000e+01 0.000000000000000e+00
920 8.065055900000000e+01 0.000000000000000e+00
921 8.076747800000000e+01 0.000000000000000e+00
922 8.088443900000000e+01 0.000000000000000e+00
923 8.100144299999999e+01 0.000000000000000e+00
924 8.111848900000000e+01 0.000000000000000e+00
925 8.123557700000001e+01 0.000000000000000e+00
926 8.135270700000000e+01 0.000000000000000e+00
927 8.146987900000001e+01 0.000000000000000e+00
928 8.158709399999999e+01 0.000000000000000e+00
929 8.170435000000001e+01 0.000000000000000e+00
930 8.182164899999999e+01 0.000000000000000e+00
931 8.193898900000001e+01 0.000000000000000e+00
932 8.205637200000000e+01 0.000000000000000e+00
933 8.217379699999999e+01 0.000000000000000e+00
934 8.229126300000000e+01 0.000000000000000e+00
935 8.240877200000000e+01 0.000000000000000e+00
936 8.252632199999999e+01 0.000000000000000e+00
937 8.264391500000001e+01 0.000000000000000e+00
938 8.276154900000000e+01 0.000000000000000e+00
939 8.287922500000001e+01 0.000000000000000e+00
940 8.299694300000000e+01 0.000000000000000e+00
941 8.311470199999999e+01 0.000000000000000e+00
942 8.323250299999999e+01 0.000000000000000e+00
943 8.335034600000000e+01 0.000000000000000e+00
944 8.346823000000001e+01 0.000000000000000e+00
945 8.358615700000000e+01 0.000000000000000e+00
946 8.370412399999999e+01 0.000000000000000e+00
947 8.382213400000001e+01 0.000000000000000e+00
948 8.394018400000000e+01 0.000000000000000e+00
949 8.405827700000000e+01 0.000000000000000e+00
950 8.417641100000000e+01 0.000000000000000e+00
951 8.429458600000000e+01 0.000000000000000e+00
952 8.441280200000000e+01 0.000000000000000e+00
953 8.453106099999999e+01 0.000000000000000e+00
954 8.464936000000000e+01 0.000000000000000e+00
955 8.476770100000000e+01 0.000000000000000e+00
956 8.488608300000000e+01 0.000000000000000e+00
957 8.500450600000001e+01 0.000000000000000e+00
958 8.512297100000001e+01 0.000000000000000e+00
959 8.524147600000001e+01 0.000000000000000e+00
960 8.536002300000000e+01 0.000000000000000e+00
961 8.547861200000000e+01 0.000000000000000e+00
962 8.559724100000000e+01 0.000000000000000e+00
963 8.571591100000001e+01 0.000000000000000e+00
964 8.583462299999999e+01 0.000000000000000e+00
965 8.595337499999999e+01 0.000000000000000e+00
966 8.607216900000000e+01 0.000000000000000e+00
967 8.619100299999999e+01 0.000000000000000e+00
968 8.630987900000000e+01 0.000000000000000e+00
969 8.642879499999999e+01 0.000000000000000e+00
970 8.654775300000000e+01 0.000000000000000e+00
971 8.666675100000000e+01 0.000000000000000e+00
972 8.678579000000001e+01 0.000000000000000e+00
973 8.690487000000000e+01 0.000000000000000e+00
974 8.702399000000000e+01 0.000000000000000e+00
975 8.714315200000000e+01 0.000000000000000e+00
976 8.726235400000000e+01 0.000000000000000e+00
977 8.738159700000000e+01 0.000000000000000e+00
978 8.750088000000000e+01 0.000000000000000e+00
979 8.762020500000000e+01 0.000000000000000e+00
980 8.773957000000000e+01 0.000000000000000e+00
981 8.785897500000000e+01 0.000000000000000e+00
982 8.797842100000000e+01 0.000000000000000e+00
983 8.809790800000000e+01 0.000000000000000e+00
984 8.821743499999999e+01 0.000000000000000e+00
985 8.833700200000000e+01 0.000000000000000e+00
986 8.845661000000000e+01 0.000000000000000e+00
987 8.857625899999999e+01 0.000000000000000e+00
988 8.869594800000000e+01 0.000000000000000e+00
989 8.881567699999999e+01 0.000000000000000e+00
990 8.893544600000000e+01 0.000000000000000e+00
991 8.905525600000000e+01 0.000000000000000e+00
992 8.917510700000000e+01 0.000000000000000e+00
993 8.929499700000000e+01 0.000000000000000e+00
994 8.941492800000000e+01 0.000000000000000e+00
995 8.953489900000000e+01 0.000000000000000e+00
996 8.965491000000000e+01 0.000000000000000e+00
997 8.977496100000000e+01 0.000000000000000e+00
998 8.989505300000000e+01 0.000000000000000e+00
999 9.001518400000000e+01 0.000000000000000e+00
1000 9.013535600000000e+01 0.000000000000000e+00
1001 9.025556800000000e+01 0.000000000000000e+00
1002 9.037581900000001e+01 0.000000000000000e+00
1003 9.049611100000000e+01 0.000000000000000e+00
1004 9.061644300000000e+01 0.000000000000000e+00
1005 9.073681500000001e+01 0.000000000000000e+00
1006 9.085722600000000e+01 0.000000000000000e+00
1007 9.097767800000000e+01 0.000000000000000e+00
1008 9.109816900000000e+01 0.000000000000000e+00
1009 9.121870000000000e+01 0.000000000000000e+00
1010 9.133927100000000e+01 0.000000000000000e+00
1011 9.145988199999999e+01 0.000000000000000e+00
1012 9.158053300000000e+01 0.000000000000000e+00
1013 9.170122300000000e+01 0.000000000000000e+00
1014 9.182195299999999e+01 0.000000000000000e+00
1015 9.194272300000000e+01 0.000000000000000e+00
1016 9.206353200000000e+01 0.000000000000000e+00
1017 9.218438100000000e+01 0.000000000000000e+00
1018 9.230526999999999e+01 0.000000000000000e+00
1019 9.242619800000000e+01 0.000000000000000e+00
1020 9.254716600000000e+01 0.000000000000000e+00
1021 9.266817300000000e+01 0.000000000000000e+00
1022 9.278922000000000e+01 0.000000000000000e+00
1023 9.291030600000001e+01 0.000000000000000e+00
1024 9.303143200000000e+01 0.000000000000000e+00
1025 9.315259700000000e+01 0.000000000000000e+00
1026 9.327380200000000e+01 0.000000000000000e+00
1027 9.339504500000000e+01 0.000000000000000e+00
1028 9.351632900000000e+01 0.000000000000000e+00
1029 9.363765100000001e+01 0.000000000000000e+00
1030 9.375901300000000e+01 0.000000000000000e+00
1031 9.388041400000000e+01 0.000000000000000e+00
1032 9.400185500000001e+01 0.000000000000000e+00
1033 9.412333500000000e+01 0.000000000000000e+00
1034 9.424485300000001e+01 0.000000000000000e+00
1035 9.436641200000000e+01 0.000000000000000e+00
1036 9.448800900000001e+01 0.000000000000000e+00
1037 9.460964500000000e+01 0.000000000000000e+00
1038 9.473132000000000e+01 0.000000000000000e+00
1039 9.485303500000001e+01 0.000000000000000e+00
1040 9.497478800000000e+01 0.000000000000000e+00
1041 9.509658100000000e+01 0.000000000000000e+00
1042 9.521841300000000e+01 0.000000000000000e+00
1043 9.534028300000000e+01 0.000000000000000e+00
1044 9.546219300000000e+01 0.000000000000000e+00
1045 9.558414100000000e+01 0.000000000000000e+00
1046 9.570612800000001e+01 0.000000000000000e+00
1047 9.582815400000000e+01 0.000000000000000e+00
1048 9.595022000000000e+01 0.000000000000000e+00
1049 9.607232300000000e+01 0.000000000000000e+00
1050 9.619446600000001e+01 0.000000000000000e+00
1051 9.631664700000000e+01 0.000000000000000e+00
1052 9.643886800000000e+01 0.000000000000000e+00
1053 9.656112700000000e+01 0.000000000000000e+00
1054 9.668342400000000e+01 0.000000000000000e+00
1055 9.680576000000001e+01 0.000000000000000e+00
1056 9.692813500000000e+01 0.000000000000000e+00
1057 9.705054900000000e+01 0.000000000000000e+00
1058 9.717300100000000e+01 0.000000000000000e+00
1059 9.729549200000000e+01 0.000000000000000e+00
1060 9.741802100000000e+01 0.000000000000000e+00
1061 9.754058900000000e+01 0.000000000000000e+00
1062 9.766319500000000e+01 0.000000000000000e+00
1063 9.778583999999999e+01 0.000000000000000e+00
1064 9.790852300000000e+01 0.000000000000000e+00
1065 9.803124500000000e+01 0.000000000000000e+00
1066 9.815400500000000e+01 0.000000000000000e+00
1067 9.827680400000000e+01 0.000000000000000e+00
1068 9.839964100000000e+01 0.000000000000000e+00
1069 9.852251600000000e+01 0.000000000000000e+00
1070 9.864542899999999e+01 0.000000000000000e+00
1071 9.876838100000001e+01 0.000000000000000e+00
1072 9.889137100000001e+01 0.000000000000000e+00
1073 9.901439999999999e+01 0.000000000000000e+00
1074 9.913746600000000e+01 0.000000000000000e+00
1075 9.926057100000000e+01 0.000000000000000e+00
1076 9.938371400000000e+01 0.000000000000000e+00
1077 9.950689500000000e+01 0.000000000000000e+00
1078 9.963011400000001e+01 0.000000000000000e+00
1079 9.975337100000000e+01 0.000000000000000e+00
1080 9.987666700000000e+01 0.000000000000000e+00
1081 1.000000000000000e+02 0.000000000000000e+00
